50,57
50,56
50,55
50,54
50,53
50,52
50,51
50,50
50,49
50,48
50,47
50,46
50,45
50,44
50,43
3,2
3,1
3,3
10,281
10,87
10,101
10,283
10,253
10,111
10,135
11,23
8,6
8,12
8,4
8,2
8,3
50,42
50,41
50,40
50,39
50,38
50,37
50,36
50,35
49,3
49,1
46,3
46,1
40,4
40,1
35,4
35,3
35,1
31,3
31,1
27,2
27,0
20,3
20,2
20,1
19,3
19,2
19,1
17,3
17,2
17,1
16,3
16,2
16,1
15,3
15,2
15,1
14,2
13,2
12,3
12,2
12,1
11,29
11,25
11,21
11,19
11,17
11,15
11,13
11,9
11,5
11,3
11,2
11,1
10,302
10,289
10,279
10,259
10,247
10,246
18,1
10,244
18,3
10,217
10,203
10,201
10,185
10,174
10,163
10,151
10,132
10,123
10,118
10,117
10,114
10,93
10,91
10,79
10,33
10,3
10,2
10,1
9,7
9,5
9,3
